32
t1         0.0000000 0.2830932 0.3481184 0.3856425 0.5438924 0.7619094 0.6143405 0.4497902 0.8597173 0.9560390 0.8671708 1.0136576 0.7573975 0.6523266 0.8312390 0.7070978 0.9613117 0.7655433 0.9107812 0.7776010 0.6615923 0.7052840 0.8352816 0.7589775 0.7112976 0.8243486 0.5823364 0.6325007 1.0157813 1.0665760 0.9734577 1.0409983 
t2         0.2830932 0.0000000 0.0425021 0.0837698 0.2178698 0.4336927 0.3197603 0.1667106 0.6050657 0.7216718 0.7246505 0.8171810 0.5134704 0.4621186 0.6086933 0.5131680 0.6879729 0.4405863 0.6335678 0.4963438 0.4786357 0.4575419 0.5122308 0.5533165 0.4561606 0.5900158 0.3942780 0.3506402 0.7994718 0.7998275 0.6109453 0.6129327 
t3         0.3481184 0.0425021 0.0000000 0.0366850 0.2277179 0.4599029 0.3608179 0.1973803 0.6263946 0.7462604 0.7636926 0.7740802 0.5445618 0.4900957 0.6434175 0.5436866 0.7245636 0.4559042 0.6535271 0.5362451 0.5173534 0.5059392 0.5289230 0.5714517 0.5165856 0.6346850 0.4278841 0.3827270 0.7720178 0.7723569 0.6310671 0.6334366 
t4         0.3856425 0.0837698 0.0366850 0.0000000 0.2915648 0.4940623 0.3678529 0.2317657 0.6536605 0.7924022 0.7326891 0.7090020 0.5566500 0.4895038 0.6425731 0.5430043 0.8181175 0.5469659 0.6685502 0.6356223 0.5887697 0.5752491 0.5752240 0.5954091 0.5515729 0.6234355 0.4898192 0.4324261 0.8757658 0.8420589 0.6835872 0.6594297 
t5         0.5438924 0.2178698 0.2277179 0.2915648 0.0000000 0.3101170 0.4162909 0.2925108 0.6863878 0.8309506 0.7571434 0.9729253 0.5574548 0.5510298 0.5377096 0.5691613 0.8607183 0.6377843 0.8274465 0.6389146 0.5293055 0.5525264 0.7111595 0.7338019 0.6449436 0.6776835 0.4680690 0.4962571 0.9482742 0.9411329 0.7939398 0.8309765 
t6         0.7619094 0.4336927 0.4599029 0.4940623 0.3101170 0.0000000 0.6960381 0.4842870 0.9575486 0.9651778 1.0003649 1.1268643 0.8848228 0.8805521 0.8376424 0.8430437 0.8474823 0.7189950 0.7196240 0.6225294 0.5736168 0.5599062 0.7060301 0.7189997 0.8403453 0.8187702 0.5956692 0.6560567 1.0355285 1.0072195 0.9056719 0.9674315 
t7         0.6143405 0.3197603 0.3608179 0.3678529 0.4162909 0.6960381 0.0000000 0.1871660 0.7568722 1.0211383 0.7626941 0.9306678 0.7230250 0.6996693 0.8111451 0.7836459 0.8952806 0.7039160 0.7814687 0.6460945 0.7014671 0.7047233 0.7668165 0.7912103 0.6914809 0.6758378 0.6287454 0.5877875 1.0178750 1.0688266 0.8542169 0.9315512 
t8         0.4497902 0.1667106 0.1973803 0.2317657 0.2925108 0.4842870 0.1871660 0.0000000 0.5981783 0.8669655 0.6157810 0.7245998 0.5710702 0.5394130 0.6447568 0.5822561 0.7216446 0.5736721 0.7120203 0.5623277 0.5412166 0.5776123 0.6017480 0.7063575 0.6456888 0.6959587 0.4910928 0.4640032 0.9960718 1.0453224 0.6924918 0.7253171 
t17        0.8597173 0.6050657 0.6263946 0.6536605 0.6863878 0.9575486 0.7568722 0.5981783 0.0000000 0.2796507 0.3321551 0.5482134 0.3545252 0.3865229 0.4490049 0.3841702 1.2559759 0.9007464 1.0122792 0.8786656 0.9837699 0.9150785 0.9012564 0.9292846 1.1186840 1.1152834 0.8533027 0.8224338 1.6357382 1.6662399 1.0956857 1.1068426 
t18        0.9560390 0.7216718 0.7462604 0.7924022 0.8309506 0.9651778 1.0211383 0.8669655 0.2796507 0.0000000 0.5686893 0.8473489 0.5974267 0.6466430 0.6617447 0.5833609 1.2338731 0.8838238 1.0026385 0.9630290 0.9127993 0.8887707 1.0040890 0.9347656 1.1514737 1.2586957 0.9274630 0.9498039 1.5326758 1.6219520 1.1362479 1.1153923 
t19        0.8671708 0.7246505 0.7636926 0.7326891 0.7571434 1.0003649 0.7626941 0.6157810 0.3321551 0.5686893 0.0000000 0.3193519 0.4301898 0.4786916 0.5365148 0.4193774 1.2714204 1.1303504 1.1349942 1.1118613 0.9707616 1.0256664 0.9712606 1.1480256 1.0824595 1.1116948 0.8581743 0.8211944 1.4400302 1.5986716 1.1921368 1.2265794 
t20        1.0136576 0.8171810 0.7740802 0.7090020 0.9729253 1.1268643 0.9306678 0.7245998 0.5482134 0.8473489 0.3193519 0.0000000 0.5733044 0.6610427 0.7634229 0.5980952 1.1916830 0.9990793 1.0506790 1.1083609 1.0505780 1.0798665 0.9511396 0.8874542 1.1746429 1.2407446 0.9460893 0.8558477 1.4805782 1.6142488 1.1360857 1.1914344 
t21        0.7573975 0.5134704 0.5445618 0.5566500 0.5574548 0.8848228 0.7230250 0.5710702 0.3545252 0.5974267 0.4301898 0.5733044 0.0000000 0.1345818 0.2143809 0.1268193 1.0575513 0.7822426 0.8339322 0.7989341 0.8018689 0.7667242 0.8274640 0.9030714 1.0008540 0.9705082 0.6049585 0.7006138 1.2786651 1.3030943 1.0157147 0.9603741 
t22        0.6523266 0.4621186 0.4900957 0.4895038 0.5510298 0.8805521 0.6996693 0.5394130 0.3865229 0.6466430 0.4786916 0.6610427 0.1345818 0.0000000 0.1722091 0.1344427 1.0845523 0.9158259 0.9552960 0.8822715 0.8846827 0.8296457 0.8289399 0.9406201 0.9251719 0.9050269 0.6803699 0.7358673 1.4633214 1.4641411 0.9661366 0.9483947 
t23        0.8312390 0.6086933 0.6434175 0.6425731 0.5377096 0.8376424 0.8111451 0.6447568 0.4490049 0.6617447 0.5365148 0.7634229 0.2143809 0.1722091 0.0000000 0.1848395 1.0421005 0.8297695 0.9178462 0.8467311 0.7808445 0.7318457 0.8372302 0.9744458 0.9063529 0.8234482 0.6099179 0.7013521 1.3544149 1.3406800 1.1279250 1.0005055 
t24        0.7070978 0.5131680 0.5436866 0.5430043 0.5691613 0.8430437 0.7836459 0.5822561 0.3841702 0.5833609 0.4193774 0.5980952 0.1268193 0.1344427 0.1848395 0.0000000 0.9815631 0.7822374 0.8823874 0.7378311 0.7262281 0.6665797 0.7663535 0.8864110 0.9195671 0.8743148 0.6049883 0.6686447 1.2627491 1.3111444 0.9336178 0.8820758 
t9         0.9613117 0.6879729 0.7245636 0.8181175 0.8607183 0.8474823 0.8952806 0.7216446 1.2559759 1.2338731 1.2714204 1.1916830 1.0575513 1.0845523 1.0421005 0.9815631 0.0000000 0.2086580 0.4946787 0.3546743 0.3916901 0.3434562 0.3700825 0.4666006 1.0451185 0.8131806 0.5014470 0.6206962 0.9831224 1.0121863 0.7836253 0.8528184 
t10        0.7655433 0.4405863 0.4559042 0.5469659 0.6377843 0.7189950 0.7039160 0.5736721 0.9007464 0.8838238 1.1303504 0.9990793 0.7822426 0.9158259 0.8297695 0.7822374 0.2086580 0.0000000 0.3121538 0.1463408 0.1908098 0.1563924 0.2451896 0.2890909 0.7162874 0.6657784 0.3445920 0.3583119 0.6862518 0.7018762 0.5304777 0.5819415 
t11        0.9107812 0.6335678 0.6535271 0.6685502 0.8274465 0.7196240 0.7814687 0.7120203 1.0122792 1.0026385 1.1349942 1.0506790 0.8339322 0.9552960 0.9178462 0.8823874 0.4946787 0.3121538 0.0000000 0.2410564 0.3696226 0.3033698 0.3719267 0.4432310 0.7393441 0.6846692 0.4832063 0.4671443 0.8776078 0.8955241 0.8028920 0.8405197 
t12        0.7776010 0.4963438 0.5362451 0.6356223 0.6389146 0.6225294 0.6460945 0.5623277 0.8786656 0.9630290 1.1118613 1.1083609 0.7989341 0.8822715 0.8467311 0.7378311 0.3546743 0.1463408 0.2410564 0.0000000 0.1616466 0.1294866 0.2138288 0.2774870 0.6604554 0.5995651 0.3070737 0.3295270 0.7556577 0.7723093 0.5195117 0.5846356 
t13        0.6615923 0.4786357 0.5173534 0.5887697 0.5293055 0.5736168 0.7014671 0.5412166 0.9837699 0.9127993 0.9707616 1.0505780 0.8018689 0.8846827 0.7808445 0.7262281 0.3916901 0.1908098 0.3696226 0.1616466 0.0000000 0.0596098 0.2230937 0.2884776 0.6510715 0.6413637 0.3065349 0.3567502 0.7427842 0.7436301 0.5886851 0.6451480 
t14        0.7052840 0.4575419 0.5059392 0.5752491 0.5525264 0.5599062 0.7047233 0.5776123 0.9150785 0.8887707 1.0256664 1.0798665 0.7667242 0.8296457 0.7318457 0.6665797 0.3434562 0.1563924 0.3033698 0.1294866 0.0596098 0.0000000 0.2080558 0.2694849 0.5950052 0.5760609 0.2920482 0.3311208 0.6765965 0.6592739 0.5002274 0.5621043 
t15        0.8352816 0.5122308 0.5289230 0.5752240 0.7111595 0.7060301 0.7668165 0.6017480 0.9012564 1.0040890 0.9712606 0.9511396 0.8274640 0.8289399 0.8372302 0.7663535 0.3700825 0.2451896 0.3719267 0.2138288 0.2230937 0.2080558 0.0000000 0.2291870 0.7172579 0.6442478 0.3878535 0.4253042 0.7700472 0.7541645 0.5748574 0.6007453 
t16        0.7589775 0.5533165 0.5714517 0.5954091 0.7338019 0.7189997 0.7912103 0.7063575 0.9292846 0.9347656 1.1480256 0.8874542 0.9030714 0.9406201 0.9744458 0.8864110 0.4666006 0.2890909 0.4432310 0.2774870 0.2884776 0.2694849 0.2291870 0.0000000 0.7949056 0.6545100 0.4215391 0.4723260 0.8367403 0.7860714 0.6229333 0.6820347 
t25        0.7112976 0.4561606 0.5165856 0.5515729 0.6449436 0.8403453 0.6914809 0.6456888 1.1186840 1.1514737 1.0824595 1.1746429 1.0008540 0.9251719 0.9063529 0.9195671 1.0451185 0.7162874 0.7393441 0.6604554 0.6510715 0.5950052 0.7172579 0.7949056 0.0000000 0.3519721 0.4312651 0.4562730 0.8297129 0.8573413 0.7566794 0.8242942 
t26        0.8243486 0.5900158 0.6346850 0.6234355 0.6776835 0.8187702 0.6758378 0.6959587 1.1152834 1.2586957 1.1116948 1.2407446 0.9705082 0.9050269 0.8234482 0.8743148 0.8131806 0.6657784 0.6846692 0.5995651 0.6413637 0.5760609 0.6442478 0.6545100 0.3519721 0.0000000 0.2861436 0.3157274 0.7911771 0.7391151 0.6931336 0.7371650 
t27        0.5823364 0.3942780 0.4278841 0.4898192 0.4680690 0.5956692 0.6287454 0.4910928 0.8533027 0.9274630 0.8581743 0.9460893 0.6049585 0.6803699 0.6099179 0.6049883 0.5014470 0.3445920 0.4832063 0.3070737 0.3065349 0.2920482 0.3878535 0.4215391 0.4312651 0.2861436 0.0000000 0.1499636 0.5385891 0.5254170 0.4090862 0.4180501 
t28        0.6325007 0.3506402 0.3827270 0.4324261 0.4962571 0.6560567 0.5877875 0.4640032 0.8224338 0.9498039 0.8211944 0.8558477 0.7006138 0.7358673 0.7013521 0.6686447 0.6206962 0.3583119 0.4671443 0.3295270 0.3567502 0.3311208 0.4253042 0.4723260 0.4562730 0.3157274 0.1499636 0.0000000 0.4942918 0.4824759 0.4140582 0.4354117 
t29        1.0157813 0.7994718 0.7720178 0.8757658 0.9482742 1.0355285 1.0178750 0.9960718 1.6357382 1.5326758 1.4400302 1.4805782 1.2786651 1.4633214 1.3544149 1.2627491 0.9831224 0.6862518 0.8776078 0.7556577 0.7427842 0.6765965 0.7700472 0.8367403 0.8297129 0.7911771 0.5385891 0.4942918 0.0000000 0.0366803 0.3163648 0.3347860 
t30        1.0665760 0.7998275 0.7723569 0.8420589 0.9411329 1.0072195 1.0688266 1.0453224 1.6662399 1.6219520 1.5986716 1.6142488 1.3030943 1.4641411 1.3406800 1.3111444 1.0121863 0.7018762 0.8955241 0.7723093 0.7436301 0.6592739 0.7541645 0.7860714 0.8573413 0.7391151 0.5254170 0.4824759 0.0366803 0.0000000 0.3440222 0.3440222 
t31        0.9734577 0.6109453 0.6310671 0.6835872 0.7939398 0.9056719 0.8542169 0.6924918 1.0956857 1.1362479 1.1921368 1.1360857 1.0157147 0.9661366 1.1279250 0.9336178 0.7836253 0.5304777 0.8028920 0.5195117 0.5886851 0.5002274 0.5748574 0.6229333 0.7566794 0.6931336 0.4090862 0.4140582 0.3163648 0.3440222 0.0000000 0.0313946 
t32        1.0409983 0.6129327 0.6334366 0.6594297 0.8309765 0.9674315 0.9315512 0.7253171 1.1068426 1.1153923 1.2265794 1.1914344 0.9603741 0.9483947 1.0005055 0.8820758 0.8528184 0.5819415 0.8405197 0.5846356 0.6451480 0.5621043 0.6007453 0.6820347 0.8242942 0.7371650 0.4180501 0.4354117 0.3347860 0.3440222 0.0313946 0.0000000 
